0.00000 0.74307 0.74908 0.76460 0.76469 0.75208 0.75172 0.75679 0.75514 0.75427 0.75434 0.75432 0.75412 0.75437
0.74307 0.00000 0.02477 0.15127 0.14458 0.12562 0.13205 0.11593 0.11313 0.11646 0.11687 0.11629 0.11294 0.12413
0.74908 0.02477 0.00000 0.13156 0.12475 0.10788 0.11653 0.09564 0.09290 0.09720 0.09771 0.09679 0.09367 0.10408
0.76460 0.15127 0.13156 0.00000 0.02293 0.07713 0.07859 0.05982 0.06503 0.06622 0.06720 0.06456 0.06388 0.07149
0.76469 0.14458 0.12475 0.02293 0.00000 0.06808 0.07276 0.05449 0.05585 0.06034 0.06117 0.05918 0.05779 0.06352
0.75208 0.12562 0.10788 0.07713 0.06808 0.00000 0.04163 0.03930 0.03374 0.03482 0.03589 0.03505 0.03250 0.03276
0.75172 0.13205 0.11653 0.07859 0.07276 0.04163 0.00000 0.03734 0.03666 0.03229 0.03315 0.03216 0.02955 0.03824
0.75679 0.11593 0.09564 0.05982 0.05449 0.03930 0.03734 0.00000 0.02570 0.02412 0.02509 0.02331 0.02157 0.03174
0.75514 0.11313 0.09290 0.06503 0.05585 0.03374 0.03666 0.02570 0.00000 0.02301 0.02393 0.02355 0.02058 0.02603
0.75427 0.11646 0.09720 0.06622 0.06034 0.03482 0.03229 0.02412 0.02301 0.00000 0.00148 0.01580 0.01099 0.02658
0.75434 0.11687 0.09771 0.06720 0.06117 0.03589 0.03315 0.02509 0.02393 0.00148 0.00000 0.01462 0.00960 0.02765
0.75432 0.11629 0.09679 0.06456 0.05918 0.03505 0.03216 0.02331 0.02355 0.01580 0.01462 0.00000 0.00893 0.02740
0.75412 0.11294 0.09367 0.06388 0.05779 0.03250 0.02955 0.02157 0.02058 0.01099 0.00960 0.00893 0.00000 0.02451
0.75437 0.12413 0.10408 0.07149 0.06352 0.03276 0.03824 0.03174 0.02603 0.02658 0.02765 0.02740 0.02451 0.00000
