0.00000 0.42102 0.40979 0.64743 0.64402 0.60489 0.71506 0.56541 0.60301
0.42102 0.00000 0.09748 0.60592 0.60134 0.57177 0.60991 0.51772 0.55361
0.40979 0.09748 0.00000 0.60166 0.59743 0.57011 0.56577 0.51316 0.54323
0.64743 0.60592 0.60166 0.00000 0.26152 0.60582 0.58221 0.55836 0.57614
0.64402 0.60134 0.59743 0.26152 0.00000 0.59518 0.56673 0.54312 0.56131
0.60489 0.57177 0.57011 0.60582 0.59518 0.00000 0.51964 0.48787 0.50365
0.71506 0.60991 0.56577 0.58221 0.56673 0.51964 0.00000 0.35870 0.32854
0.56541 0.51772 0.51316 0.55836 0.54312 0.48787 0.35870 0.00000 0.25761
0.60301 0.55361 0.54323 0.57614 0.56131 0.50365 0.32854 0.25761 0.00000
