0.00000 0.01602 0.02215 0.56734 0.84947 0.81879 0.80496 0.87589 0.90189 0.88911 0.88794 0.87452 0.86813 0.89433
0.01602 0.00000 0.00638 0.56642 0.85082 0.82031 0.80608 0.87764 0.90328 0.89056 0.88921 0.87679 0.87029 0.89642
0.02215 0.00638 0.00000 0.56471 0.85052 0.82004 0.80546 0.87774 0.90343 0.89068 0.88955 0.87759 0.87016 0.89635
0.56734 0.56642 0.56471 0.00000 0.90826 0.88851 0.86479 0.92279 0.94182 0.93541 0.93471 0.92353 0.91915 0.93515
0.84947 0.85082 0.85052 0.90826 0.00000 0.33374 0.65927 0.66245 0.70596 0.66041 0.65686 0.65332 0.62052 0.68229
0.81879 0.82031 0.82004 0.88851 0.33374 0.00000 0.57069 0.62906 0.67906 0.62515 0.62073 0.61670 0.56893 0.64957
0.80496 0.80608 0.80546 0.86479 0.65927 0.57069 0.00000 0.76112 0.79500 0.76115 0.75807 0.75380 0.72852 0.78167
0.87589 0.87764 0.87774 0.92279 0.66245 0.62906 0.76112 0.00000 0.37011 0.33682 0.33147 0.39230 0.38030 0.46330
0.90189 0.90328 0.90343 0.94182 0.70596 0.67906 0.79500 0.37011 0.00000 0.30333 0.29905 0.46523 0.45694 0.52181
0.88911 0.89056 0.89068 0.93541 0.66041 0.62515 0.76115 0.33682 0.30333 0.00000 0.03110 0.39263 0.37148 0.45769
0.88794 0.88921 0.88955 0.93471 0.65686 0.62073 0.75807 0.33147 0.29905 0.03110 0.00000 0.38790 0.36580 0.45749
0.87452 0.87679 0.87759 0.92353 0.65332 0.61670 0.75380 0.39230 0.46523 0.39263 0.38790 0.00000 0.37819 0.46559
0.86813 0.87029 0.87016 0.91915 0.62052 0.56893 0.72852 0.38030 0.45694 0.37148 0.36580 0.37819 0.00000 0.35431
0.89433 0.89642 0.89635 0.93515 0.68229 0.64957 0.78167 0.46330 0.52181 0.45769 0.45749 0.46559 0.35431 0.00000
